10HGR:S=3
20READA
30IFA=99THENEND
40ONAGOSUB1000,1500,2000,2500,3000,3500,4000,4500,5000
50GOTO20
999END
1000READX,Y:RETURN:REM 1=POSITION
1500READB:HCOLOR=B:RETURN:REM 2=COLOR
2000READB,C,W,H:FORN=(C+Y)*STO(C+Y+H)*S-1:HPLOT(B+X)*S,NTO(B+X+W)*S-1,N:NEXT:RETURN:REM 3=RECTANGLE
2500READB,C,W,H:B=(X+B)*S:C=(Y+C)*S:W=W*S-1:H=H*S-1:FORN=0TOH:M=H-N:HPLOTB-1,C+NTOB+W-INT(SQR(H*H-M*M)+1),C+N:NEXT:RETURN:REM 4=TOP-LEFT CUTOUT
3000READB,C,W,H:B=(X+B)*S:C=(Y+C)*S:W=W*S-1:H=H*S-1:FORN=0TOH:M=H-N:HPLOTB+W+1,C+NTOB+INT(SQR(H*H-M*M)+1),C+N:NEXT:RETURN:REM 5=TOP-RIGHT CUTOUT
3500READB,C,W,H:B=(X+B)*S:C=(Y+C)*S:W=W*S-1:H=H*S-1:FORN=0TOH:HPLOTB+W+1,C+NTOB+INT(SQR(H*H-N*N)+1),C+N:NEXT:RETURN:REM 6=BOTTOM-RIGHT CUTOUT
4000READB,C,W,H:B=(X+B)*S:C=(Y+C)*S:W=W*S-1:H=H*S-1:FORN=0TOH:HPLOTB-1,C+NTOB+W-INT(SQR(H*H-N*N)+1),C+N:NEXT:RETURN:REM 7=BOTTOM-LEFT CUTOUT
4500READB,C:X=X+B:Y=Y+C:RETURN:REM 8=RELATIVE POSITION
5000READB,C,D,E:B=(X+B)*S:C=(Y+C)*S:D=D*S:E=E*S:FORN=0TOESTEPSGN(E):M=N/E:HPLOTB+D*M,C+NTOB+D*M+S,C+N:NEXT:RETURN:REM 8=V-LINE
10000DATA1,4,25
10010DATA2,3,3,0,0,10,20
10020DATA2,0,3,3,3,4,4,3,3,10,4,7,4,0,0,4,4,5,6,0,4,4,6,6,16,4,4,6,9,7.5,1,1,5,9,8.5,1,1
10030DATA2,3,4,3,3,1,1,5,6,3,1,1,6,6,6,1,1,5,6,10,1,1,6,6,16,1,1
10040DATA8,11,0,2,3,3,0,5,3,15,3,3,5,2,3,4,3,8,1,1,2,0,4,0,5,3,3
10050DATA8,6,0,2,3,3,0,5,8,15,2,0,3,3,8,2,9,4,0,5,3,3,5,5,5,3,3,6,5,17,3,3,7,0,17,3,3,2,3,4,3,8,1,1,5,4,8,1,1,6,4,16,1,1,7,3,16,1,1
10060DATA8,9,0,2,3,3,0,5,5,15,3,5,0,3,20,2,0,4,0,5,3,3,7,0,17,3,3,6,5,17,3,3,2,0,3,3,8,2,9,2,3,4,3,8,1,1,5,4,8,1,1,6,4,16,1,1,7,3,16,1,1
10070DATA8,9,0,2,3,3,0,5,8,15,2,0,3,3,8,2,9,4,0,5,3,3,5,5,5,3,3,6,5,17,3,3,7,0,17,3,3,2,3,4,3,8,1,1,5,4,8,1,1,6,4,16,1,1,6,4,9,1,1,7,3,16,1,1,3,3,10,2,3,2,0,6,5,10,3,3,3,5,13,3,2.5
10080DATA8,9,0,2,3,3,0,5,3,15,3,3,5,2,3,4,3,8,1,1,2,0,4,0,5,3,3
10090DATA8,6,0,2,3,3,0,0,3,20,3,3,5,5,15,2,0,5,5,5,3,3,6,5,17,3,3,7,0,17,3,3,3,3,8,2,9,2,3,4,3,8,1,1,5,4,8,1,1,6,4,16,1,1,7,3,16,1,1
10100DATA8,9,0,2,3,3,0,5,8,15,2,0,3,3,5,2,12,6,5,17,3,3,7,0,17,3,3,2,3,6,4,16,1,1,7,3,16,1,1
10110DATA8,9,0,2,3,3,0,5,8,15,2,0,3,3,8,2,12,4,0,5,3,3,5,5,5,3,3,2,3,4,3,8,1,1,5,4,8,1,1
10120DATA8,9,0,2,3,3,0,5,5,15,3,5,0,3,20,2,0,4,0,5,3,3,7,0,17,3,3,6,5,17,3,3,2,0,3,3,8,2,9,2,3,4,3,8,1,1,5,4,8,1,1,6,4,16,1,1,7,3,16,1,1
10130DATA8,-60,0,2,0,9,6,4,-5,17
20000DATA99
